acc,timestamp,checkpoint_dir_name,done,training_iteration,trial_id,date,time_this_iter_s,time_total_s,pid,hostname,node_ip,time_since_restore,iterations_since_restore
0.5925,1732883025,,False,1,b0b75_00017,2024-11-29_20-23-45,35.53930449485779,35.53930449485779,362486,CNWS,222.197.197.40,35.53930449485779,1
0.63,1732883064,,False,2,b0b75_00017,2024-11-29_20-24-24,38.42866373062134,73.96796822547913,362486,CNWS,222.197.197.40,73.96796822547913,2
0.5075,1732883101,,False,3,b0b75_00017,2024-11-29_20-25-01,37.87187480926514,111.83984303474426,362486,CNWS,222.197.197.40,111.83984303474426,3
0.6475,1732883136,,False,4,b0b75_00017,2024-11-29_20-25-36,34.06284952163696,145.90269255638123,362486,CNWS,222.197.197.40,145.90269255638123,4
0.65,1732883181,,False,5,b0b75_00017,2024-11-29_20-26-21,45.914546489715576,191.8172390460968,362486,CNWS,222.197.197.40,191.8172390460968,5
0.6375,1732883226,,False,6,b0b75_00017,2024-11-29_20-27-06,44.69217014312744,236.50940918922424,362486,CNWS,222.197.197.40,236.50940918922424,6
0.6175,1732883262,,False,7,b0b75_00017,2024-11-29_20-27-42,35.73441481590271,272.24382400512695,362486,CNWS,222.197.197.40,272.24382400512695,7
0.68,1732883324,,False,8,b0b75_00017,2024-11-29_20-28-44,61.699970960617065,333.943794965744,362486,CNWS,222.197.197.40,333.943794965744,8
0.6425,1732883394,,False,9,b0b75_00017,2024-11-29_20-29-54,70.84684681892395,404.79064178466797,362486,CNWS,222.197.197.40,404.79064178466797,9
0.6625,1732883465,,False,10,b0b75_00017,2024-11-29_20-31-05,70.58230304718018,475.37294483184814,362486,CNWS,222.197.197.40,475.37294483184814,10
0.67,1732883536,,False,11,b0b75_00017,2024-11-29_20-32-16,70.87989830970764,546.2528431415558,362486,CNWS,222.197.197.40,546.2528431415558,11
0.685,1732883582,,False,12,b0b75_00017,2024-11-29_20-33-02,45.68011116981506,591.9329543113708,362486,CNWS,222.197.197.40,591.9329543113708,12
0.6425,1732883650,,False,13,b0b75_00017,2024-11-29_20-34-10,68.762047290802,660.6950016021729,362486,CNWS,222.197.197.40,660.6950016021729,13
0.675,1732883699,,False,14,b0b75_00017,2024-11-29_20-34-59,49.07141375541687,709.7664153575897,362486,CNWS,222.197.197.40,709.7664153575897,14
0.685,1732883737,,False,15,b0b75_00017,2024-11-29_20-35-37,37.76579189300537,747.5322072505951,362486,CNWS,222.197.197.40,747.5322072505951,15
0.6875,1732883777,,False,16,b0b75_00017,2024-11-29_20-36-17,39.767624855041504,787.2998321056366,362486,CNWS,222.197.197.40,787.2998321056366,16
0.675,1732883814,,False,17,b0b75_00017,2024-11-29_20-36-54,36.60128831863403,823.9011204242706,362486,CNWS,222.197.197.40,823.9011204242706,17
0.68,1732883847,,False,18,b0b75_00017,2024-11-29_20-37-27,33.10577082633972,857.0068912506104,362486,CNWS,222.197.197.40,857.0068912506104,18
0.6925,1732883880,,False,19,b0b75_00017,2024-11-29_20-38-00,32.92919588088989,889.9360871315002,362486,CNWS,222.197.197.40,889.9360871315002,19
0.6875,1732883913,,False,20,b0b75_00017,2024-11-29_20-38-33,33.05611300468445,922.9922001361847,362486,CNWS,222.197.197.40,922.9922001361847,20
0.66,1732883947,,False,21,b0b75_00017,2024-11-29_20-39-07,34.06806039810181,957.0602605342865,362486,CNWS,222.197.197.40,957.0602605342865,21
0.68,1732883981,,False,22,b0b75_00017,2024-11-29_20-39-41,34.479809284210205,991.5400698184967,362486,CNWS,222.197.197.40,991.5400698184967,22
0.675,1732884014,,False,23,b0b75_00017,2024-11-29_20-40-14,32.53934860229492,1024.0794184207916,362486,CNWS,222.197.197.40,1024.0794184207916,23
0.705,1732884047,,False,24,b0b75_00017,2024-11-29_20-40-47,33.47845387458801,1057.5578722953796,362486,CNWS,222.197.197.40,1057.5578722953796,24
0.6775,1732884080,,False,25,b0b75_00017,2024-11-29_20-41-20,33.06372690200806,1090.6215991973877,362486,CNWS,222.197.197.40,1090.6215991973877,25
0.6925,1732884113,,False,26,b0b75_00017,2024-11-29_20-41-53,33.15880227088928,1123.780401468277,362486,CNWS,222.197.197.40,1123.780401468277,26
0.67,1732884146,,False,27,b0b75_00017,2024-11-29_20-42-26,32.92919611930847,1156.7095975875854,362486,CNWS,222.197.197.40,1156.7095975875854,27
0.6975,1732884181,,False,28,b0b75_00017,2024-11-29_20-43-01,34.965144634246826,1191.6747422218323,362486,CNWS,222.197.197.40,1191.6747422218323,28
0.6975,1732884216,,False,29,b0b75_00017,2024-11-29_20-43-36,34.96767997741699,1226.6424221992493,362486,CNWS,222.197.197.40,1226.6424221992493,29
0.6825,1732884251,,False,30,b0b75_00017,2024-11-29_20-44-11,35.03651833534241,1261.6789405345917,362486,CNWS,222.197.197.40,1261.6789405345917,30
0.6925,1732884286,,False,31,b0b75_00017,2024-11-29_20-44-46,34.91834878921509,1296.5972893238068,362486,CNWS,222.197.197.40,1296.5972893238068,31
0.66,1732884321,,False,32,b0b75_00017,2024-11-29_20-45-21,34.88506364822388,1331.4823529720306,362486,CNWS,222.197.197.40,1331.4823529720306,32
0.7025,1732884356,,False,33,b0b75_00017,2024-11-29_20-45-56,35.19604682922363,1366.6783998012543,362486,CNWS,222.197.197.40,1366.6783998012543,33
0.6975,1732884427,,False,34,b0b75_00017,2024-11-29_20-47-07,71.10617661476135,1437.7845764160156,362486,CNWS,222.197.197.40,1437.7845764160156,34
0.7,1732884467,,False,35,b0b75_00017,2024-11-29_20-47-47,39.52745270729065,1477.3120291233063,362486,CNWS,222.197.197.40,1477.3120291233063,35
0.7025,1732884503,,False,36,b0b75_00017,2024-11-29_20-48-23,35.54141926765442,1512.8534483909607,362486,CNWS,222.197.197.40,1512.8534483909607,36
0.6825,1732884574,,False,37,b0b75_00017,2024-11-29_20-49-34,71.22931098937988,1584.0827593803406,362486,CNWS,222.197.197.40,1584.0827593803406,37
0.6875,1732884645,,False,38,b0b75_00017,2024-11-29_20-50-45,71.07988977432251,1655.162649154663,362486,CNWS,222.197.197.40,1655.162649154663,38
0.7025,1732884687,,False,39,b0b75_00017,2024-11-29_20-51-27,41.923792123794556,1697.0864412784576,362486,CNWS,222.197.197.40,1697.0864412784576,39
0.685,1732884712,,False,40,b0b75_00017,2024-11-29_20-51-52,25.659417867660522,1722.7458591461182,362486,CNWS,222.197.197.40,1722.7458591461182,40
0.7075,1732884783,,False,41,b0b75_00017,2024-11-29_20-53-03,71.00918459892273,1793.755043745041,362486,CNWS,222.197.197.40,1793.755043745041,41
0.72,1732884817,,False,42,b0b75_00017,2024-11-29_20-53-37,33.39346766471863,1827.1485114097595,362486,CNWS,222.197.197.40,1827.1485114097595,42
0.695,1732884845,,False,43,b0b75_00017,2024-11-29_20-54-05,27.891863346099854,1855.0403747558594,362486,CNWS,222.197.197.40,1855.0403747558594,43
0.695,1732884871,,False,44,b0b75_00017,2024-11-29_20-54-31,25.83335566520691,1880.8737304210663,362486,CNWS,222.197.197.40,1880.8737304210663,44
0.695,1732884899,,False,45,b0b75_00017,2024-11-29_20-54-59,28.816206455230713,1909.689936876297,362486,CNWS,222.197.197.40,1909.689936876297,45
0.7025,1732884954,,False,46,b0b75_00017,2024-11-29_20-55-54,54.552408933639526,1964.2423458099365,362486,CNWS,222.197.197.40,1964.2423458099365,46
0.705,1732885025,,False,47,b0b75_00017,2024-11-29_20-57-05,71.14458322525024,2035.3869290351868,362486,CNWS,222.197.197.40,2035.3869290351868,47
0.6975,1732885071,,False,48,b0b75_00017,2024-11-29_20-57-51,45.66723442077637,2081.054163455963,362486,CNWS,222.197.197.40,2081.054163455963,48
0.705,1732885104,,False,49,b0b75_00017,2024-11-29_20-58-24,33.109533071517944,2114.163696527481,362486,CNWS,222.197.197.40,2114.163696527481,49
0.69,1732885137,,False,50,b0b75_00017,2024-11-29_20-58-57,32.88984155654907,2147.05353808403,362486,CNWS,222.197.197.40,2147.05353808403,50
0.7225,1732885170,,False,51,b0b75_00017,2024-11-29_20-59-30,32.879958629608154,2179.9334967136383,362486,CNWS,222.197.197.40,2179.9334967136383,51
0.695,1732885203,,False,52,b0b75_00017,2024-11-29_21-00-03,33.045504093170166,2212.9790008068085,362486,CNWS,222.197.197.40,2212.9790008068085,52
0.6925,1732885236,,False,53,b0b75_00017,2024-11-29_21-00-36,32.982834815979004,2245.9618356227875,362486,CNWS,222.197.197.40,2245.9618356227875,53
0.7,1732885269,,False,54,b0b75_00017,2024-11-29_21-01-09,32.94458317756653,2278.906418800354,362486,CNWS,222.197.197.40,2278.906418800354,54
0.7025,1732885302,,False,55,b0b75_00017,2024-11-29_21-01-42,33.068848609924316,2311.9752674102783,362486,CNWS,222.197.197.40,2311.9752674102783,55
0.7,1732885335,,False,56,b0b75_00017,2024-11-29_21-02-15,32.942469120025635,2344.917736530304,362486,CNWS,222.197.197.40,2344.917736530304,56
0.6975,1732885368,,False,57,b0b75_00017,2024-11-29_21-02-48,32.92216873168945,2377.8399052619934,362486,CNWS,222.197.197.40,2377.8399052619934,57
0.7225,1732885401,,False,58,b0b75_00017,2024-11-29_21-03-21,33.17261242866516,2411.0125176906586,362486,CNWS,222.197.197.40,2411.0125176906586,58
0.705,1732885463,,False,59,b0b75_00017,2024-11-29_21-04-23,61.842289686203,2472.8548073768616,362486,CNWS,222.197.197.40,2472.8548073768616,59
0.6825,1732885492,,False,60,b0b75_00017,2024-11-29_21-04-52,29.331538200378418,2502.18634557724,362486,CNWS,222.197.197.40,2502.18634557724,60
0.69,1732885525,,False,61,b0b75_00017,2024-11-29_21-05-25,33.012656927108765,2535.1990025043488,362486,CNWS,222.197.197.40,2535.1990025043488,61
0.7,1732885558,,False,62,b0b75_00017,2024-11-29_21-05-58,32.85663318634033,2568.055635690689,362486,CNWS,222.197.197.40,2568.055635690689,62
0.7175,1732885588,,False,63,b0b75_00017,2024-11-29_21-06-28,30.09853458404541,2598.1541702747345,362486,CNWS,222.197.197.40,2598.1541702747345,63
0.705,1732885615,,False,64,b0b75_00017,2024-11-29_21-06-55,27.069096565246582,2625.223266839981,362486,CNWS,222.197.197.40,2625.223266839981,64
0.7225,1732885647,,False,65,b0b75_00017,2024-11-29_21-07-27,32.264779567718506,2657.4880464076996,362486,CNWS,222.197.197.40,2657.4880464076996,65
0.7125,1732885693,,False,66,b0b75_00017,2024-11-29_21-08-13,45.86387825012207,2703.3519246578217,362486,CNWS,222.197.197.40,2703.3519246578217,66
0.705,1732885715,,False,67,b0b75_00017,2024-11-29_21-08-35,22.079222440719604,2725.4311470985413,362486,CNWS,222.197.197.40,2725.4311470985413,67
0.7,1732885736,,False,68,b0b75_00017,2024-11-29_21-08-56,20.834319353103638,2746.265466451645,362486,CNWS,222.197.197.40,2746.265466451645,68
0.715,1732885757,,False,69,b0b75_00017,2024-11-29_21-09-17,20.82860279083252,2767.0940692424774,362486,CNWS,222.197.197.40,2767.0940692424774,69
0.7175,1732885812,,False,70,b0b75_00017,2024-11-29_21-10-12,55.622050762176514,2822.716120004654,362486,CNWS,222.197.197.40,2822.716120004654,70
0.705,1732885872,,False,71,b0b75_00017,2024-11-29_21-11-12,59.61486053466797,2882.330980539322,362486,CNWS,222.197.197.40,2882.330980539322,71
0.69,1732885902,,False,72,b0b75_00017,2024-11-29_21-11-42,29.619253873825073,2911.950234413147,362486,CNWS,222.197.197.40,2911.950234413147,72
0.7,1732885934,,False,73,b0b75_00017,2024-11-29_21-12-14,32.14896821975708,2944.099202632904,362486,CNWS,222.197.197.40,2944.099202632904,73
0.705,1732885967,,False,74,b0b75_00017,2024-11-29_21-12-47,33.10587286949158,2977.2050755023956,362486,CNWS,222.197.197.40,2977.2050755023956,74
0.705,1732886000,,False,75,b0b75_00017,2024-11-29_21-13-20,33.05183434486389,3010.2569098472595,362486,CNWS,222.197.197.40,3010.2569098472595,75
0.715,1732886033,,False,76,b0b75_00017,2024-11-29_21-13-53,33.03081464767456,3043.287724494934,362486,CNWS,222.197.197.40,3043.287724494934,76
0.6675,1732886066,,False,77,b0b75_00017,2024-11-29_21-14-26,33.02474308013916,3076.3124675750732,362486,CNWS,222.197.197.40,3076.3124675750732,77
0.71,1732886099,,False,78,b0b75_00017,2024-11-29_21-14-59,33.166483879089355,3109.4789514541626,362486,CNWS,222.197.197.40,3109.4789514541626,78
0.7075,1732886132,,False,79,b0b75_00017,2024-11-29_21-15-32,33.02231740951538,3142.501268863678,362486,CNWS,222.197.197.40,3142.501268863678,79
0.715,1732886165,,False,80,b0b75_00017,2024-11-29_21-16-05,33.17416572570801,3175.675434589386,362486,CNWS,222.197.197.40,3175.675434589386,80
0.7175,1732886190,,False,81,b0b75_00017,2024-11-29_21-16-30,24.5836079120636,3200.2590425014496,362486,CNWS,222.197.197.40,3200.2590425014496,81
0.7,1732886211,,False,82,b0b75_00017,2024-11-29_21-16-51,20.97930598258972,3221.2383484840393,362486,CNWS,222.197.197.40,3221.2383484840393,82
0.7025,1732886231,,False,83,b0b75_00017,2024-11-29_21-17-11,19.71191096305847,3240.950259447098,362486,CNWS,222.197.197.40,3240.950259447098,83
0.715,1732886253,,False,84,b0b75_00017,2024-11-29_21-17-33,21.775710105895996,3262.725969552994,362486,CNWS,222.197.197.40,3262.725969552994,84
0.705,1732886273,,False,85,b0b75_00017,2024-11-29_21-17-53,20.374733686447144,3283.100703239441,362486,CNWS,222.197.197.40,3283.100703239441,85
0.6975,1732886305,,False,86,b0b75_00017,2024-11-29_21-18-25,32.28277039527893,3315.38347363472,362486,CNWS,222.197.197.40,3315.38347363472,86
0.7175,1732886338,,False,87,b0b75_00017,2024-11-29_21-18-58,32.82508683204651,3348.2085604667664,362486,CNWS,222.197.197.40,3348.2085604667664,87
0.715,1732886369,,False,88,b0b75_00017,2024-11-29_21-19-29,30.99834156036377,3379.20690202713,362486,CNWS,222.197.197.40,3379.20690202713,88
0.7275,1732886402,,False,89,b0b75_00017,2024-11-29_21-20-02,32.94815397262573,3412.155055999756,362486,CNWS,222.197.197.40,3412.155055999756,89
0.7,1732886435,,False,90,b0b75_00017,2024-11-29_21-20-35,32.805055379867554,3444.9601113796234,362486,CNWS,222.197.197.40,3444.9601113796234,90
0.7075,1732886468,,False,91,b0b75_00017,2024-11-29_21-21-08,32.85765743255615,3477.8177688121796,362486,CNWS,222.197.197.40,3477.8177688121796,91
0.7125,1732886501,,False,92,b0b75_00017,2024-11-29_21-21-41,32.94375538825989,3510.7615242004395,362486,CNWS,222.197.197.40,3510.7615242004395,92
0.7225,1732886534,,False,93,b0b75_00017,2024-11-29_21-22-14,32.94641375541687,3543.7079379558563,362486,CNWS,222.197.197.40,3543.7079379558563,93
0.675,1732886567,,False,94,b0b75_00017,2024-11-29_21-22-47,33.02151584625244,3576.7294538021088,362486,CNWS,222.197.197.40,3576.7294538021088,94
0.69,1732886599,,False,95,b0b75_00017,2024-11-29_21-23-19,32.852943658828735,3609.5823974609375,362486,CNWS,222.197.197.40,3609.5823974609375,95
0.685,1732886632,,False,96,b0b75_00017,2024-11-29_21-23-52,32.7602219581604,3642.342619419098,362486,CNWS,222.197.197.40,3642.342619419098,96
0.7125,1732886665,,False,97,b0b75_00017,2024-11-29_21-24-25,32.939398527145386,3675.2820179462433,362486,CNWS,222.197.197.40,3675.2820179462433,97
0.72,1732886698,,False,98,b0b75_00017,2024-11-29_21-24-58,32.87266516685486,3708.154683113098,362486,CNWS,222.197.197.40,3708.154683113098,98
0.725,1732886731,,False,99,b0b75_00017,2024-11-29_21-25-31,32.99315547943115,3741.1478385925293,362486,CNWS,222.197.197.40,3741.1478385925293,99
0.7175,1732886764,,False,100,b0b75_00017,2024-11-29_21-26-04,32.84950304031372,3773.997341632843,362486,CNWS,222.197.197.40,3773.997341632843,100
0.7125,1732886812,,False,101,b0b75_00017,2024-11-29_21-26-52,47.93369460105896,3821.931036233902,362486,CNWS,222.197.197.40,3821.931036233902,101
0.7125,1732886847,,False,102,b0b75_00017,2024-11-29_21-27-27,35.2559769153595,3857.1870131492615,362486,CNWS,222.197.197.40,3857.1870131492615,102
0.6825,1732886880,,False,103,b0b75_00017,2024-11-29_21-28-00,33.30464482307434,3890.491657972336,362486,CNWS,222.197.197.40,3890.491657972336,103
0.6875,1732886913,,False,104,b0b75_00017,2024-11-29_21-28-33,33.13066005706787,3923.6223180294037,362486,CNWS,222.197.197.40,3923.6223180294037,104
0.72,1732886947,,False,105,b0b75_00017,2024-11-29_21-29-07,33.13122320175171,3956.7535412311554,362486,CNWS,222.197.197.40,3956.7535412311554,105
0.71,1732886980,,False,106,b0b75_00017,2024-11-29_21-29-40,33.17836236953735,3989.9319036006927,362486,CNWS,222.197.197.40,3989.9319036006927,106
0.7175,1732887013,,False,107,b0b75_00017,2024-11-29_21-30-13,33.16403555870056,4023.0959391593933,362486,CNWS,222.197.197.40,4023.0959391593933,107
0.7,1732887046,,False,108,b0b75_00017,2024-11-29_21-30-46,33.19711947441101,4056.2930586338043,362486,CNWS,222.197.197.40,4056.2930586338043,108
0.71,1732887079,,False,109,b0b75_00017,2024-11-29_21-31-19,32.86182880401611,4089.1548874378204,362486,CNWS,222.197.197.40,4089.1548874378204,109
0.7275,1732887112,,False,110,b0b75_00017,2024-11-29_21-31-52,32.94535303115845,4122.100240468979,362486,CNWS,222.197.197.40,4122.100240468979,110
0.7225,1732887145,,False,111,b0b75_00017,2024-11-29_21-32-25,33.18179202079773,4155.282032489777,362486,CNWS,222.197.197.40,4155.282032489777,111
0.7,1732887178,,False,112,b0b75_00017,2024-11-29_21-32-58,33.03629946708679,4188.318331956863,362486,CNWS,222.197.197.40,4188.318331956863,112
0.7275,1732887211,,False,113,b0b75_00017,2024-11-29_21-33-31,33.14063906669617,4221.45897102356,362486,CNWS,222.197.197.40,4221.45897102356,113
0.6975,1732887268,,False,114,b0b75_00017,2024-11-29_21-34-28,56.35092568397522,4277.809896707535,362486,CNWS,222.197.197.40,4277.809896707535,114
0.715,1732887317,,False,115,b0b75_00017,2024-11-29_21-35-17,49.369345903396606,4327.179242610931,362486,CNWS,222.197.197.40,4327.179242610931,115
0.71,1732887350,,False,116,b0b75_00017,2024-11-29_21-35-50,32.99290347099304,4360.172146081924,362486,CNWS,222.197.197.40,4360.172146081924,116
0.705,1732887386,,False,117,b0b75_00017,2024-11-29_21-36-26,36.13273358345032,4396.304879665375,362486,CNWS,222.197.197.40,4396.304879665375,117
0.6925,1732887437,,False,118,b0b75_00017,2024-11-29_21-37-17,51.15648889541626,4447.461368560791,362486,CNWS,222.197.197.40,4447.461368560791,118
0.695,1732887457,,False,119,b0b75_00017,2024-11-29_21-37-37,19.951653957366943,4467.413022518158,362486,CNWS,222.197.197.40,4467.413022518158,119
0.7075,1732887498,,False,120,b0b75_00017,2024-11-29_21-38-18,40.687278270721436,4508.100300788879,362486,CNWS,222.197.197.40,4508.100300788879,120
0.7175,1732887531,,False,121,b0b75_00017,2024-11-29_21-38-51,32.808504819869995,4540.908805608749,362486,CNWS,222.197.197.40,4540.908805608749,121
0.7225,1732887564,,False,122,b0b75_00017,2024-11-29_21-39-24,33.32529926300049,4574.23410487175,362486,CNWS,222.197.197.40,4574.23410487175,122
0.7225,1732887597,,False,123,b0b75_00017,2024-11-29_21-39-57,33.00532627105713,4607.239431142807,362486,CNWS,222.197.197.40,4607.239431142807,123
0.705,1732887630,,False,124,b0b75_00017,2024-11-29_21-40-30,33.21270155906677,4640.452132701874,362486,CNWS,222.197.197.40,4640.452132701874,124
0.715,1732887663,,False,125,b0b75_00017,2024-11-29_21-41-03,33.06407880783081,4673.516211509705,362486,CNWS,222.197.197.40,4673.516211509705,125
0.7225,1732887697,,False,126,b0b75_00017,2024-11-29_21-41-37,33.13501763343811,4706.651229143143,362486,CNWS,222.197.197.40,4706.651229143143,126
0.695,1732887730,,False,127,b0b75_00017,2024-11-29_21-42-10,33.01268172264099,4739.663910865784,362486,CNWS,222.197.197.40,4739.663910865784,127
0.71,1732887757,,False,128,b0b75_00017,2024-11-29_21-42-37,27.91928505897522,4767.583195924759,362486,CNWS,222.197.197.40,4767.583195924759,128
0.695,1732887778,,False,129,b0b75_00017,2024-11-29_21-42-58,20.76936650276184,4788.352562427521,362486,CNWS,222.197.197.40,4788.352562427521,129
0.7,1732887799,,False,130,b0b75_00017,2024-11-29_21-43-19,21.030821561813354,4809.383383989334,362486,CNWS,222.197.197.40,4809.383383989334,130
0.7175,1732887821,,False,131,b0b75_00017,2024-11-29_21-43-41,21.265697240829468,4830.649081230164,362486,CNWS,222.197.197.40,4830.649081230164,131
0.7175,1732887853,,False,132,b0b75_00017,2024-11-29_21-44-13,32.31501483917236,4862.964096069336,362486,CNWS,222.197.197.40,4862.964096069336,132
0.72,1732887875,,False,133,b0b75_00017,2024-11-29_21-44-35,22.573910236358643,4885.538006305695,362486,CNWS,222.197.197.40,4885.538006305695,133
0.73,1732887899,,False,134,b0b75_00017,2024-11-29_21-44-59,23.410316944122314,4908.948323249817,362486,CNWS,222.197.197.40,4908.948323249817,134
0.71,1732887932,,False,135,b0b75_00017,2024-11-29_21-45-32,33.17425489425659,4942.1225781440735,362486,CNWS,222.197.197.40,4942.1225781440735,135
0.705,1732887965,,False,136,b0b75_00017,2024-11-29_21-46-05,33.350773096084595,4975.473351240158,362486,CNWS,222.197.197.40,4975.473351240158,136
0.6975,1732887999,,False,137,b0b75_00017,2024-11-29_21-46-39,33.166558265686035,5008.639909505844,362486,CNWS,222.197.197.40,5008.639909505844,137
0.71,1732888032,,False,138,b0b75_00017,2024-11-29_21-47-12,33.049535512924194,5041.689445018768,362486,CNWS,222.197.197.40,5041.689445018768,138
0.7075,1732888103,,False,139,b0b75_00017,2024-11-29_21-48-23,71.4358422756195,5113.125287294388,362486,CNWS,222.197.197.40,5113.125287294388,139
0.715,1732888174,,False,140,b0b75_00017,2024-11-29_21-49-34,71.45629739761353,5184.581584692001,362486,CNWS,222.197.197.40,5184.581584692001,140
0.7,1732888219,,False,141,b0b75_00017,2024-11-29_21-50-19,44.35305333137512,5228.9346380233765,362486,CNWS,222.197.197.40,5228.9346380233765,141
0.7175,1732888252,,False,142,b0b75_00017,2024-11-29_21-50-52,33.13332557678223,5262.067963600159,362486,CNWS,222.197.197.40,5262.067963600159,142
0.7025,1732888285,,False,143,b0b75_00017,2024-11-29_21-51-25,32.995665311813354,5295.063628911972,362486,CNWS,222.197.197.40,5295.063628911972,143
0.6975,1732888318,,False,144,b0b75_00017,2024-11-29_21-51-58,32.922306299209595,5327.985935211182,362486,CNWS,222.197.197.40,5327.985935211182,144
0.705,1732888351,,False,145,b0b75_00017,2024-11-29_21-52-31,33.10261940956116,5361.088554620743,362486,CNWS,222.197.197.40,5361.088554620743,145
0.7175,1732888373,,False,146,b0b75_00017,2024-11-29_21-52-53,21.72927474975586,5382.817829370499,362486,CNWS,222.197.197.40,5382.817829370499,146
0.71,1732888412,,False,147,b0b75_00017,2024-11-29_21-53-32,39.15456199645996,5421.972391366959,362486,CNWS,222.197.197.40,5421.972391366959,147
0.7125,1732888443,,False,148,b0b75_00017,2024-11-29_21-54-03,31.172429084777832,5453.144820451736,362486,CNWS,222.197.197.40,5453.144820451736,148
0.71,1732888482,,False,149,b0b75_00017,2024-11-29_21-54-42,39.42079758644104,5492.5656180381775,362486,CNWS,222.197.197.40,5492.5656180381775,149
0.7175,1732888554,,False,150,b0b75_00017,2024-11-29_21-55-54,71.52085971832275,5564.0864777565,362486,CNWS,222.197.197.40,5564.0864777565,150
0.6925,1732888625,,False,151,b0b75_00017,2024-11-29_21-57-05,71.29024028778076,5635.376718044281,362486,CNWS,222.197.197.40,5635.376718044281,151
0.72,1732888697,,False,152,b0b75_00017,2024-11-29_21-58-17,71.4703369140625,5706.8470549583435,362486,CNWS,222.197.197.40,5706.8470549583435,152
0.705,1732888768,,False,153,b0b75_00017,2024-11-29_21-59-28,71.35604357719421,5778.203098535538,362486,CNWS,222.197.197.40,5778.203098535538,153
0.7225,1732888840,,False,154,b0b75_00017,2024-11-29_22-00-40,71.72192192077637,5849.925020456314,362486,CNWS,222.197.197.40,5849.925020456314,154
0.7125,1732888911,,False,155,b0b75_00017,2024-11-29_22-01-51,71.31450128555298,5921.239521741867,362486,CNWS,222.197.197.40,5921.239521741867,155
0.68,1732888983,,False,156,b0b75_00017,2024-11-29_22-03-03,71.52695369720459,5992.766475439072,362486,CNWS,222.197.197.40,5992.766475439072,156
0.705,1732889054,,False,157,b0b75_00017,2024-11-29_22-04-14,71.47941732406616,6064.245892763138,362486,CNWS,222.197.197.40,6064.245892763138,157
0.7125,1732889126,,False,158,b0b75_00017,2024-11-29_22-05-26,71.46313834190369,6135.7090311050415,362486,CNWS,222.197.197.40,6135.7090311050415,158
0.71,1732889197,,False,159,b0b75_00017,2024-11-29_22-06-37,71.38589072227478,6207.094921827316,362486,CNWS,222.197.197.40,6207.094921827316,159
0.7075,1732889232,,False,160,b0b75_00017,2024-11-29_22-07-12,34.4864387512207,6241.581360578537,362486,CNWS,222.197.197.40,6241.581360578537,160
0.7025,1732889268,,False,161,b0b75_00017,2024-11-29_22-07-48,35.991089820861816,6277.572450399399,362486,CNWS,222.197.197.40,6277.572450399399,161
0.7125,1732889288,,False,162,b0b75_00017,2024-11-29_22-08-08,20.783156156539917,6298.355606555939,362486,CNWS,222.197.197.40,6298.355606555939,162
0.7,1732889308,,False,163,b0b75_00017,2024-11-29_22-08-28,19.96111273765564,6318.316719293594,362486,CNWS,222.197.197.40,6318.316719293594,163
0.7075,1732889357,,False,164,b0b75_00017,2024-11-29_22-09-17,48.29958415031433,6366.616303443909,362486,CNWS,222.197.197.40,6366.616303443909,164
0.7025,1732889428,,False,165,b0b75_00017,2024-11-29_22-10-28,71.63508939743042,6438.251392841339,362486,CNWS,222.197.197.40,6438.251392841339,165
0.7075,1732889500,,False,166,b0b75_00017,2024-11-29_22-11-40,71.32989144325256,6509.581284284592,362486,CNWS,222.197.197.40,6509.581284284592,166
0.7175,1732889571,,False,167,b0b75_00017,2024-11-29_22-12-51,71.70535778999329,6581.286642074585,362486,CNWS,222.197.197.40,6581.286642074585,167
0.7075,1732889643,,False,168,b0b75_00017,2024-11-29_22-14-03,71.31176519393921,6652.598407268524,362486,CNWS,222.197.197.40,6652.598407268524,168
0.705,1732889714,,False,169,b0b75_00017,2024-11-29_22-15-14,71.55680894851685,6724.155216217041,362486,CNWS,222.197.197.40,6724.155216217041,169
0.695,1732889785,,False,170,b0b75_00017,2024-11-29_22-16-25,71.33838725090027,6795.493603467941,362486,CNWS,222.197.197.40,6795.493603467941,170
0.72,1732889857,,False,171,b0b75_00017,2024-11-29_22-17-37,71.31377077102661,6866.807374238968,362486,CNWS,222.197.197.40,6866.807374238968,171
0.6925,1732889928,,False,172,b0b75_00017,2024-11-29_22-18-48,71.54081773757935,6938.348191976547,362486,CNWS,222.197.197.40,6938.348191976547,172
0.695,1732890000,,False,173,b0b75_00017,2024-11-29_22-20-00,71.3090751171112,7009.657267093658,362486,CNWS,222.197.197.40,7009.657267093658,173
0.7025,1732890071,,False,174,b0b75_00017,2024-11-29_22-21-11,71.38702988624573,7081.044296979904,362486,CNWS,222.197.197.40,7081.044296979904,174
0.71,1732890142,,False,175,b0b75_00017,2024-11-29_22-22-22,71.42507982254028,7152.4693768024445,362486,CNWS,222.197.197.40,7152.4693768024445,175
0.7025,1732890214,,False,176,b0b75_00017,2024-11-29_22-23-34,71.23335218429565,7223.70272898674,362486,CNWS,222.197.197.40,7223.70272898674,176
0.7025,1732890251,,False,177,b0b75_00017,2024-11-29_22-24-11,37.81555366516113,7261.518282651901,362486,CNWS,222.197.197.40,7261.518282651901,177
0.72,1732890284,,False,178,b0b75_00017,2024-11-29_22-24-44,32.99440121650696,7294.512683868408,362486,CNWS,222.197.197.40,7294.512683868408,178
0.69,1732890318,,False,179,b0b75_00017,2024-11-29_22-25-18,33.039348125457764,7327.552031993866,362486,CNWS,222.197.197.40,7327.552031993866,179
0.71,1732890351,,False,180,b0b75_00017,2024-11-29_22-25-51,33.08468294143677,7360.636714935303,362486,CNWS,222.197.197.40,7360.636714935303,180
0.7075,1732890384,,False,181,b0b75_00017,2024-11-29_22-26-24,33.14639139175415,7393.783106327057,362486,CNWS,222.197.197.40,7393.783106327057,181
0.7125,1732890417,,False,182,b0b75_00017,2024-11-29_22-26-57,32.910396099090576,7426.6935024261475,362486,CNWS,222.197.197.40,7426.6935024261475,182
0.705,1732890450,,False,183,b0b75_00017,2024-11-29_22-27-30,33.351203203201294,7460.044705629349,362486,CNWS,222.197.197.40,7460.044705629349,183
0.7125,1732890481,,False,184,b0b75_00017,2024-11-29_22-28-01,31.291378259658813,7491.336083889008,362486,CNWS,222.197.197.40,7491.336083889008,184
0.71,1732890513,,False,185,b0b75_00017,2024-11-29_22-28-33,31.975199699401855,7523.311283588409,362486,CNWS,222.197.197.40,7523.311283588409,185
0.705,1732890583,,False,186,b0b75_00017,2024-11-29_22-29-43,69.22309064865112,7592.534374237061,362486,CNWS,222.197.197.40,7592.534374237061,186
0.71,1732890654,,False,187,b0b75_00017,2024-11-29_22-30-54,71.69129467010498,7664.2256689071655,362486,CNWS,222.197.197.40,7664.2256689071655,187
0.7225,1732890693,,False,188,b0b75_00017,2024-11-29_22-31-33,38.58951020240784,7702.815179109573,362486,CNWS,222.197.197.40,7702.815179109573,188
0.71,1732890726,,False,189,b0b75_00017,2024-11-29_22-32-06,32.915565729141235,7735.730744838715,362486,CNWS,222.197.197.40,7735.730744838715,189
0.705,1732890759,,False,190,b0b75_00017,2024-11-29_22-32-39,32.83851170539856,7768.569256544113,362486,CNWS,222.197.197.40,7768.569256544113,190
0.72,1732890791,,False,191,b0b75_00017,2024-11-29_22-33-11,32.8654363155365,7801.43469285965,362486,CNWS,222.197.197.40,7801.43469285965,191
0.72,1732890824,,False,192,b0b75_00017,2024-11-29_22-33-44,32.94915580749512,7834.383848667145,362486,CNWS,222.197.197.40,7834.383848667145,192
0.715,1732890856,,False,193,b0b75_00017,2024-11-29_22-34-16,32.043980836868286,7866.427829504013,362486,CNWS,222.197.197.40,7866.427829504013,193
0.705,1732890892,,False,194,b0b75_00017,2024-11-29_22-34-52,35.08863019943237,7901.516459703445,362486,CNWS,222.197.197.40,7901.516459703445,194
0.7175,1732890925,,False,195,b0b75_00017,2024-11-29_22-35-25,33.041231870651245,7934.557691574097,362486,CNWS,222.197.197.40,7934.557691574097,195
0.7225,1732890957,,False,196,b0b75_00017,2024-11-29_22-35-57,32.849047899246216,7967.406739473343,362486,CNWS,222.197.197.40,7967.406739473343,196
0.715,1732890992,,False,197,b0b75_00017,2024-11-29_22-36-32,34.81843638420105,8002.225175857544,362486,CNWS,222.197.197.40,8002.225175857544,197
0.7175,1732891025,,False,198,b0b75_00017,2024-11-29_22-37-05,33.07406997680664,8035.299245834351,362486,CNWS,222.197.197.40,8035.299245834351,198
0.7125,1732891059,,False,199,b0b75_00017,2024-11-29_22-37-39,33.2503764629364,8068.549622297287,362486,CNWS,222.197.197.40,8068.549622297287,199
0.715,1732891092,,False,200,b0b75_00017,2024-11-29_22-38-12,33.156075954437256,8101.705698251724,362486,CNWS,222.197.197.40,8101.705698251724,200
0.7225,1732891125,,False,201,b0b75_00017,2024-11-29_22-38-45,33.23834466934204,8134.944042921066,362486,CNWS,222.197.197.40,8134.944042921066,201
0.7175,1732891155,,False,202,b0b75_00017,2024-11-29_22-39-15,30.064757823944092,8165.00880074501,362486,CNWS,222.197.197.40,8165.00880074501,202
0.715,1732891188,,False,203,b0b75_00017,2024-11-29_22-39-48,33.11575627326965,8198.12455701828,362486,CNWS,222.197.197.40,8198.12455701828,203
0.7075,1732891221,,False,204,b0b75_00017,2024-11-29_22-40-21,33.089489459991455,8231.214046478271,362486,CNWS,222.197.197.40,8231.214046478271,204
0.71,1732891254,,False,205,b0b75_00017,2024-11-29_22-40-54,33.12472653388977,8264.338773012161,362486,CNWS,222.197.197.40,8264.338773012161,205
0.7125,1732891287,,False,206,b0b75_00017,2024-11-29_22-41-27,32.9950315952301,8297.333804607391,362486,CNWS,222.197.197.40,8297.333804607391,206
0.71,1732891320,,False,207,b0b75_00017,2024-11-29_22-42-00,33.04598641395569,8330.379791021347,362486,CNWS,222.197.197.40,8330.379791021347,207
0.7175,1732891392,,False,208,b0b75_00017,2024-11-29_22-43-12,71.38594651222229,8401.76573753357,362486,CNWS,222.197.197.40,8401.76573753357,208
0.7225,1732891463,,False,209,b0b75_00017,2024-11-29_22-44-23,71.54598426818848,8473.311721801758,362486,CNWS,222.197.197.40,8473.311721801758,209
0.715,1732891510,,False,210,b0b75_00017,2024-11-29_22-45-10,46.176785707473755,8519.488507509232,362486,CNWS,222.197.197.40,8519.488507509232,210
0.7175,1732891543,,False,211,b0b75_00017,2024-11-29_22-45-43,33.5352680683136,8553.023775577545,362486,CNWS,222.197.197.40,8553.023775577545,211
0.7075,1732891576,,False,212,b0b75_00017,2024-11-29_22-46-16,33.427916049957275,8586.451691627502,362486,CNWS,222.197.197.40,8586.451691627502,212
0.7025,1732891618,,False,213,b0b75_00017,2024-11-29_22-46-58,41.24875259399414,8627.700444221497,362486,CNWS,222.197.197.40,8627.700444221497,213
0.71,1732891656,,False,214,b0b75_00017,2024-11-29_22-47-36,37.86926507949829,8665.569709300995,362486,CNWS,222.197.197.40,8665.569709300995,214
0.7225,1732891706,,False,215,b0b75_00017,2024-11-29_22-48-26,50.83925533294678,8716.408964633942,362486,CNWS,222.197.197.40,8716.408964633942,215
0.72,1732891738,,False,216,b0b75_00017,2024-11-29_22-48-58,31.40516495704651,8747.814129590988,362486,CNWS,222.197.197.40,8747.814129590988,216
0.7225,1732891791,,False,217,b0b75_00017,2024-11-29_22-49-51,52.92935657501221,8800.743486166,362486,CNWS,222.197.197.40,8800.743486166,217
0.7225,1732891824,,False,218,b0b75_00017,2024-11-29_22-50-24,33.12040996551514,8833.863896131516,362486,CNWS,222.197.197.40,8833.863896131516,218
0.7225,1732891872,,False,219,b0b75_00017,2024-11-29_22-51-12,48.37561893463135,8882.239515066147,362486,CNWS,222.197.197.40,8882.239515066147,219
0.72,1732891944,,False,220,b0b75_00017,2024-11-29_22-52-24,71.57046294212341,8953.80997800827,362486,CNWS,222.197.197.40,8953.80997800827,220
0.725,1732892015,,False,221,b0b75_00017,2024-11-29_22-53-35,71.53184247016907,9025.34182047844,362486,CNWS,222.197.197.40,9025.34182047844,221
0.72,1732892087,,False,222,b0b75_00017,2024-11-29_22-54-47,71.45295143127441,9096.794771909714,362486,CNWS,222.197.197.40,9096.794771909714,222
0.705,1732892158,,False,223,b0b75_00017,2024-11-29_22-55-58,71.40049028396606,9168.19526219368,362486,CNWS,222.197.197.40,9168.19526219368,223
0.7225,1732892230,,False,224,b0b75_00017,2024-11-29_22-57-10,71.6133017539978,9239.808563947678,362486,CNWS,222.197.197.40,9239.808563947678,224
0.725,1732892302,,False,225,b0b75_00017,2024-11-29_22-58-22,71.65978240966797,9311.468346357346,362486,CNWS,222.197.197.40,9311.468346357346,225
0.725,1732892365,,False,226,b0b75_00017,2024-11-29_22-59-25,63.79412508010864,9375.262471437454,362486,CNWS,222.197.197.40,9375.262471437454,226
0.715,1732892399,,False,227,b0b75_00017,2024-11-29_22-59-59,33.34279155731201,9408.605262994766,362486,CNWS,222.197.197.40,9408.605262994766,227
0.725,1732892444,,False,228,b0b75_00017,2024-11-29_23-00-44,45.12300968170166,9453.728272676468,362486,CNWS,222.197.197.40,9453.728272676468,228
0.7175,1732892515,,False,229,b0b75_00017,2024-11-29_23-01-55,71.51542687416077,9525.243699550629,362486,CNWS,222.197.197.40,9525.243699550629,229
0.7225,1732892587,,False,230,b0b75_00017,2024-11-29_23-03-07,71.58211731910706,9596.825816869736,362486,CNWS,222.197.197.40,9596.825816869736,230
0.7225,1732892657,,False,231,b0b75_00017,2024-11-29_23-04-17,69.69081354141235,9666.516630411148,362486,CNWS,222.197.197.40,9666.516630411148,231
0.7225,1732892689,,False,232,b0b75_00017,2024-11-29_23-04-49,32.752766847610474,9699.269397258759,362486,CNWS,222.197.197.40,9699.269397258759,232
0.7275,1732892723,,False,233,b0b75_00017,2024-11-29_23-05-23,33.17057728767395,9732.439974546432,362486,CNWS,222.197.197.40,9732.439974546432,233
0.7225,1732892756,,False,234,b0b75_00017,2024-11-29_23-05-56,33.022446393966675,9765.4624209404,362486,CNWS,222.197.197.40,9765.4624209404,234
0.7175,1732892789,,False,235,b0b75_00017,2024-11-29_23-06-29,33.033562421798706,9798.495983362198,362486,CNWS,222.197.197.40,9798.495983362198,235
0.7175,1732892822,,False,236,b0b75_00017,2024-11-29_23-07-02,32.95452618598938,9831.450509548187,362486,CNWS,222.197.197.40,9831.450509548187,236
0.725,1732892855,,False,237,b0b75_00017,2024-11-29_23-07-35,33.160200119018555,9864.610709667206,362486,CNWS,222.197.197.40,9864.610709667206,237
0.7225,1732892888,,False,238,b0b75_00017,2024-11-29_23-08-08,33.0748291015625,9897.685538768768,362486,CNWS,222.197.197.40,9897.685538768768,238
0.7225,1732892921,,False,239,b0b75_00017,2024-11-29_23-08-41,33.20571208000183,9930.89125084877,362486,CNWS,222.197.197.40,9930.89125084877,239
0.72,1732892954,,False,240,b0b75_00017,2024-11-29_23-09-14,33.222545862197876,9964.113796710968,362486,CNWS,222.197.197.40,9964.113796710968,240
0.7225,1732892988,,False,241,b0b75_00017,2024-11-29_23-09-48,33.49870991706848,9997.612506628036,362486,CNWS,222.197.197.40,9997.612506628036,241
0.72,1732893021,,False,242,b0b75_00017,2024-11-29_23-10-21,33.53845477104187,10031.150961399078,362486,CNWS,222.197.197.40,10031.150961399078,242
0.705,1732893055,,False,243,b0b75_00017,2024-11-29_23-10-55,33.51977896690369,10064.670740365982,362486,CNWS,222.197.197.40,10064.670740365982,243
0.7175,1732893088,,False,244,b0b75_00017,2024-11-29_23-11-28,33.3068733215332,10097.977613687515,362486,CNWS,222.197.197.40,10097.977613687515,244
0.725,1732893122,,False,245,b0b75_00017,2024-11-29_23-12-02,33.542983293533325,10131.520596981049,362486,CNWS,222.197.197.40,10131.520596981049,245
0.7175,1732893155,,False,246,b0b75_00017,2024-11-29_23-12-35,33.37616991996765,10164.896766901016,362486,CNWS,222.197.197.40,10164.896766901016,246
0.72,1732893189,,False,247,b0b75_00017,2024-11-29_23-13-09,33.5062620639801,10198.403028964996,362486,CNWS,222.197.197.40,10198.403028964996,247
0.7175,1732893222,,False,248,b0b75_00017,2024-11-29_23-13-42,33.319782733917236,10231.722811698914,362486,CNWS,222.197.197.40,10231.722811698914,248
0.7075,1732893259,,False,249,b0b75_00017,2024-11-29_23-14-19,37.34906530380249,10269.071877002716,362486,CNWS,222.197.197.40,10269.071877002716,249
0.7075,1732893293,,False,250,b0b75_00017,2024-11-29_23-14-53,33.3165979385376,10302.388474941254,362486,CNWS,222.197.197.40,10302.388474941254,250
0.7175,1732893325,,False,251,b0b75_00017,2024-11-29_23-15-25,32.936646461486816,10335.32512140274,362486,CNWS,222.197.197.40,10335.32512140274,251
0.725,1732893359,,False,252,b0b75_00017,2024-11-29_23-15-59,33.26321482658386,10368.588336229324,362486,CNWS,222.197.197.40,10368.588336229324,252
0.7075,1732893392,,False,253,b0b75_00017,2024-11-29_23-16-32,33.1651291847229,10401.753465414047,362486,CNWS,222.197.197.40,10401.753465414047,253
0.715,1732893425,,False,254,b0b75_00017,2024-11-29_23-17-05,33.09783887863159,10434.851304292679,362486,CNWS,222.197.197.40,10434.851304292679,254
0.705,1732893458,,False,255,b0b75_00017,2024-11-29_23-17-38,33.32390880584717,10468.175213098526,362486,CNWS,222.197.197.40,10468.175213098526,255
0.7075,1732893491,,False,256,b0b75_00017,2024-11-29_23-18-11,33.14875650405884,10501.323969602585,362486,CNWS,222.197.197.40,10501.323969602585,256
0.7175,1732893525,,False,257,b0b75_00017,2024-11-29_23-18-45,33.29813838005066,10534.622107982635,362486,CNWS,222.197.197.40,10534.622107982635,257
0.7025,1732893558,,False,258,b0b75_00017,2024-11-29_23-19-18,33.38489580154419,10568.00700378418,362486,CNWS,222.197.197.40,10568.00700378418,258
0.71,1732893591,,False,259,b0b75_00017,2024-11-29_23-19-51,33.34358763694763,10601.350591421127,362486,CNWS,222.197.197.40,10601.350591421127,259
0.6975,1732893625,,False,260,b0b75_00017,2024-11-29_23-20-25,33.53702473640442,10634.887616157532,362486,CNWS,222.197.197.40,10634.887616157532,260
0.715,1732893659,,False,261,b0b75_00017,2024-11-29_23-20-59,33.550827980041504,10668.438444137573,362486,CNWS,222.197.197.40,10668.438444137573,261
0.7175,1732893692,,False,262,b0b75_00017,2024-11-29_23-21-32,33.636462688446045,10702.07490682602,362486,CNWS,222.197.197.40,10702.07490682602,262
0.7225,1732893726,,False,263,b0b75_00017,2024-11-29_23-22-06,33.519126415252686,10735.594033241272,362486,CNWS,222.197.197.40,10735.594033241272,263
0.725,1732893759,,False,264,b0b75_00017,2024-11-29_23-22-39,33.270272731781006,10768.864305973053,362486,CNWS,222.197.197.40,10768.864305973053,264
0.71,1732893792,,False,265,b0b75_00017,2024-11-29_23-23-12,32.92389678955078,10801.788202762604,362486,CNWS,222.197.197.40,10801.788202762604,265
0.715,1732893825,,False,266,b0b75_00017,2024-11-29_23-23-45,33.07011651992798,10834.858319282532,362486,CNWS,222.197.197.40,10834.858319282532,266
0.7,1732893858,,False,267,b0b75_00017,2024-11-29_23-24-18,32.98196601867676,10867.840285301208,362486,CNWS,222.197.197.40,10867.840285301208,267
0.715,1732893891,,False,268,b0b75_00017,2024-11-29_23-24-51,32.93068218231201,10900.77096748352,362486,CNWS,222.197.197.40,10900.77096748352,268
0.72,1732893963,,False,269,b0b75_00017,2024-11-29_23-26-03,71.87327551841736,10972.644243001938,362486,CNWS,222.197.197.40,10972.644243001938,269
0.7175,1732894008,,False,270,b0b75_00017,2024-11-29_23-26-48,45.439120054244995,11018.083363056183,362486,CNWS,222.197.197.40,11018.083363056183,270
0.715,1732894041,,False,271,b0b75_00017,2024-11-29_23-27-21,33.18421387672424,11051.267576932907,362486,CNWS,222.197.197.40,11051.267576932907,271
0.7125,1732894074,,False,272,b0b75_00017,2024-11-29_23-27-54,32.362258195877075,11083.629835128784,362486,CNWS,222.197.197.40,11083.629835128784,272
0.705,1732894107,,False,273,b0b75_00017,2024-11-29_23-28-27,33.2245717048645,11116.854406833649,362486,CNWS,222.197.197.40,11116.854406833649,273
0.7175,1732894140,,False,274,b0b75_00017,2024-11-29_23-29-00,33.38066387176514,11150.235070705414,362486,CNWS,222.197.197.40,11150.235070705414,274
0.7125,1732894168,,False,275,b0b75_00017,2024-11-29_23-29-28,27.83466672897339,11178.069737434387,362486,CNWS,222.197.197.40,11178.069737434387,275
0.705,1732894188,,False,276,b0b75_00017,2024-11-29_23-29-48,20.008007764816284,11198.077745199203,362486,CNWS,222.197.197.40,11198.077745199203,276
0.7175,1732894209,,False,277,b0b75_00017,2024-11-29_23-30-09,21.025121688842773,11219.102866888046,362486,CNWS,222.197.197.40,11219.102866888046,277
0.7225,1732894238,,False,278,b0b75_00017,2024-11-29_23-30-38,28.679738998413086,11247.78260588646,362486,CNWS,222.197.197.40,11247.78260588646,278
0.715,1732894265,,False,279,b0b75_00017,2024-11-29_23-31-05,26.620227813720703,11274.40283370018,362486,CNWS,222.197.197.40,11274.40283370018,279
0.7225,1732894303,,False,280,b0b75_00017,2024-11-29_23-31-43,38.2476646900177,11312.650498390198,362486,CNWS,222.197.197.40,11312.650498390198,280
0.7175,1732894332,,False,281,b0b75_00017,2024-11-29_23-32-12,28.963057041168213,11341.613555431366,362486,CNWS,222.197.197.40,11341.613555431366,281
0.725,1732894365,,False,282,b0b75_00017,2024-11-29_23-32-45,33.191497802734375,11374.8050532341,362486,CNWS,222.197.197.40,11374.8050532341,282
0.72,1732894398,,False,283,b0b75_00017,2024-11-29_23-33-18,33.02440571784973,11407.82945895195,362486,CNWS,222.197.197.40,11407.82945895195,283
0.715,1732894463,,False,284,b0b75_00017,2024-11-29_23-34-23,65.31964015960693,11473.149099111557,362486,CNWS,222.197.197.40,11473.149099111557,284
0.7175,1732894535,,False,285,b0b75_00017,2024-11-29_23-35-35,71.22813296318054,11544.377232074738,362486,CNWS,222.197.197.40,11544.377232074738,285
0.7125,1732894606,,False,286,b0b75_00017,2024-11-29_23-36-46,71.40718913078308,11615.78442120552,362486,CNWS,222.197.197.40,11615.78442120552,286
0.715,1732894677,,False,287,b0b75_00017,2024-11-29_23-37-57,71.35841870307922,11687.1428399086,362486,CNWS,222.197.197.40,11687.1428399086,287
0.705,1732894749,,False,288,b0b75_00017,2024-11-29_23-39-09,71.27206468582153,11758.414904594421,362486,CNWS,222.197.197.40,11758.414904594421,288
0.71,1732894807,,False,289,b0b75_00017,2024-11-29_23-40-07,58.23310565948486,11816.648010253906,362486,CNWS,222.197.197.40,11816.648010253906,289
0.7125,1732894830,,False,290,b0b75_00017,2024-11-29_23-40-30,22.931705713272095,11839.579715967178,362486,CNWS,222.197.197.40,11839.579715967178,290
0.715,1732894851,,False,291,b0b75_00017,2024-11-29_23-40-51,21.32499599456787,11860.904711961746,362486,CNWS,222.197.197.40,11860.904711961746,291
0.71,1732894873,,False,292,b0b75_00017,2024-11-29_23-41-13,22.02186918258667,11882.926581144333,362486,CNWS,222.197.197.40,11882.926581144333,292
0.715,1732894892,,False,293,b0b75_00017,2024-11-29_23-41-32,19.187448978424072,11902.114030122757,362486,CNWS,222.197.197.40,11902.114030122757,293
0.7125,1732894912,,False,294,b0b75_00017,2024-11-29_23-41-52,19.40018320083618,11921.514213323593,362486,CNWS,222.197.197.40,11921.514213323593,294
0.7125,1732894931,,False,295,b0b75_00017,2024-11-29_23-42-11,19.39155387878418,11940.905767202377,362486,CNWS,222.197.197.40,11940.905767202377,295
0.7125,1732894956,,False,296,b0b75_00017,2024-11-29_23-42-36,24.511056423187256,11965.416823625565,362486,CNWS,222.197.197.40,11965.416823625565,296
0.71,1732894978,,False,297,b0b75_00017,2024-11-29_23-42-58,22.225672721862793,11987.642496347427,362486,CNWS,222.197.197.40,11987.642496347427,297
0.71,1732894997,,False,298,b0b75_00017,2024-11-29_23-43-17,19.220665216445923,12006.863161563873,362486,CNWS,222.197.197.40,12006.863161563873,298
0.7175,1732895019,,False,299,b0b75_00017,2024-11-29_23-43-39,21.676050662994385,12028.539212226868,362486,CNWS,222.197.197.40,12028.539212226868,299
0.7125,1732895040,,False,300,b0b75_00017,2024-11-29_23-44-00,21.25490713119507,12049.794119358063,362486,CNWS,222.197.197.40,12049.794119358063,300
0.715,1732895059,,False,301,b0b75_00017,2024-11-29_23-44-19,18.90200901031494,12068.696128368378,362486,CNWS,222.197.197.40,12068.696128368378,301
0.71,1732895078,,False,302,b0b75_00017,2024-11-29_23-44-38,19.505541801452637,12088.20167016983,362486,CNWS,222.197.197.40,12088.20167016983,302
0.71,1732895097,,False,303,b0b75_00017,2024-11-29_23-44-57,19.01691198348999,12107.21858215332,362486,CNWS,222.197.197.40,12107.21858215332,303
0.71,1732895130,,False,304,b0b75_00017,2024-11-29_23-45-30,32.89206910133362,12140.110651254654,362486,CNWS,222.197.197.40,12140.110651254654,304
0.7125,1732895149,,False,305,b0b75_00017,2024-11-29_23-45-49,18.91642165184021,12159.027072906494,362486,CNWS,222.197.197.40,12159.027072906494,305
0.7125,1732895170,,False,306,b0b75_00017,2024-11-29_23-46-10,20.658320903778076,12179.685393810272,362486,CNWS,222.197.197.40,12179.685393810272,306
0.705,1732895189,,False,307,b0b75_00017,2024-11-29_23-46-29,18.606348037719727,12198.291741847992,362486,CNWS,222.197.197.40,12198.291741847992,307
0.7175,1732895207,,False,308,b0b75_00017,2024-11-29_23-46-47,18.771442413330078,12217.063184261322,362486,CNWS,222.197.197.40,12217.063184261322,308
0.71,1732895232,,False,309,b0b75_00017,2024-11-29_23-47-12,24.894769430160522,12241.957953691483,362486,CNWS,222.197.197.40,12241.957953691483,309
0.71,1732895260,,False,310,b0b75_00017,2024-11-29_23-47-40,28.19568371772766,12270.15363740921,362486,CNWS,222.197.197.40,12270.15363740921,310
0.72,1732895290,,False,311,b0b75_00017,2024-11-29_23-48-10,29.390477657318115,12299.544115066528,362486,CNWS,222.197.197.40,12299.544115066528,311
0.7075,1732895309,,False,312,b0b75_00017,2024-11-29_23-48-29,18.877936124801636,12318.42205119133,362486,CNWS,222.197.197.40,12318.42205119133,312
0.7125,1732895327,,False,313,b0b75_00017,2024-11-29_23-48-47,18.74019169807434,12337.162242889404,362486,CNWS,222.197.197.40,12337.162242889404,313
0.7175,1732895346,,False,314,b0b75_00017,2024-11-29_23-49-06,18.70753574371338,12355.869778633118,362486,CNWS,222.197.197.40,12355.869778633118,314
0.7175,1732895368,,False,315,b0b75_00017,2024-11-29_23-49-28,21.787745714187622,12377.657524347305,362486,CNWS,222.197.197.40,12377.657524347305,315
0.71,1732895388,,False,316,b0b75_00017,2024-11-29_23-49-48,19.88248562812805,12397.540009975433,362486,CNWS,222.197.197.40,12397.540009975433,316
0.71,1732895406,,False,317,b0b75_00017,2024-11-29_23-50-06,18.36599850654602,12415.90600848198,362486,CNWS,222.197.197.40,12415.90600848198,317
0.7125,1732895427,,False,318,b0b75_00017,2024-11-29_23-50-27,20.48612928390503,12436.392137765884,362486,CNWS,222.197.197.40,12436.392137765884,318
0.71,1732895445,,False,319,b0b75_00017,2024-11-29_23-50-45,18.39663553237915,12454.788773298264,362486,CNWS,222.197.197.40,12454.788773298264,319
0.7075,1732895463,,False,320,b0b75_00017,2024-11-29_23-51-03,18.37162709236145,12473.160400390625,362486,CNWS,222.197.197.40,12473.160400390625,320
0.7175,1732895512,,False,321,b0b75_00017,2024-11-29_23-51-52,48.95859456062317,12522.118994951248,362486,CNWS,222.197.197.40,12522.118994951248,321
0.7125,1732895530,,False,322,b0b75_00017,2024-11-29_23-52-10,18.09084725379944,12540.209842205048,362486,CNWS,222.197.197.40,12540.209842205048,322
0.71,1732895597,,False,323,b0b75_00017,2024-11-29_23-53-17,66.21709847450256,12606.42694067955,362486,CNWS,222.197.197.40,12606.42694067955,323
0.7125,1732895667,,False,324,b0b75_00017,2024-11-29_23-54-27,70.31538009643555,12676.742320775986,362486,CNWS,222.197.197.40,12676.742320775986,324
0.7175,1732895697,,False,325,b0b75_00017,2024-11-29_23-54-57,29.583683967590332,12706.326004743576,362486,CNWS,222.197.197.40,12706.326004743576,325
0.715,1732895755,,False,326,b0b75_00017,2024-11-29_23-55-55,58.47332525253296,12764.799329996109,362486,CNWS,222.197.197.40,12764.799329996109,326
0.715,1732895781,,False,327,b0b75_00017,2024-11-29_23-56-21,25.599819660186768,12790.399149656296,362486,CNWS,222.197.197.40,12790.399149656296,327
0.7125,1732895799,,False,328,b0b75_00017,2024-11-29_23-56-39,17.955622911453247,12808.354772567749,362486,CNWS,222.197.197.40,12808.354772567749,328
0.715,1732895817,,False,329,b0b75_00017,2024-11-29_23-56-57,17.973126649856567,12826.327899217606,362486,CNWS,222.197.197.40,12826.327899217606,329
0.71,1732895838,,False,330,b0b75_00017,2024-11-29_23-57-18,21.37640929222107,12847.704308509827,362486,CNWS,222.197.197.40,12847.704308509827,330
0.7125,1732895856,,False,331,b0b75_00017,2024-11-29_23-57-36,18.350629806518555,12866.054938316345,362486,CNWS,222.197.197.40,12866.054938316345,331
0.71,1732895874,,False,332,b0b75_00017,2024-11-29_23-57-54,17.851234674453735,12883.906172990799,362486,CNWS,222.197.197.40,12883.906172990799,332
0.7125,1732895892,,False,333,b0b75_00017,2024-11-29_23-58-12,17.869606971740723,12901.77577996254,362486,CNWS,222.197.197.40,12901.77577996254,333
0.71,1732895930,,False,334,b0b75_00017,2024-11-29_23-58-50,37.85817790031433,12939.633957862854,362486,CNWS,222.197.197.40,12939.633957862854,334
0.7125,1732895948,,False,335,b0b75_00017,2024-11-29_23-59-08,18.31545877456665,12957.94941663742,362486,CNWS,222.197.197.40,12957.94941663742,335
0.7125,1732895966,,False,336,b0b75_00017,2024-11-29_23-59-26,17.854147911071777,12975.803564548492,362486,CNWS,222.197.197.40,12975.803564548492,336
0.7125,1732895984,,False,337,b0b75_00017,2024-11-29_23-59-44,18.063036680221558,12993.866601228714,362486,CNWS,222.197.197.40,12993.866601228714,337
0.7125,1732896002,,False,338,b0b75_00017,2024-11-30_00-00-02,18.04470705986023,13011.911308288574,362486,CNWS,222.197.197.40,13011.911308288574,338
0.7175,1732896024,,False,339,b0b75_00017,2024-11-30_00-00-24,21.64513874053955,13033.556447029114,362486,CNWS,222.197.197.40,13033.556447029114,339
0.7125,1732896045,,False,340,b0b75_00017,2024-11-30_00-00-45,21.028634548187256,13054.585081577301,362486,CNWS,222.197.197.40,13054.585081577301,340
0.7175,1732896070,,False,341,b0b75_00017,2024-11-30_00-01-10,25.484558582305908,13080.069640159607,362486,CNWS,222.197.197.40,13080.069640159607,341
0.715,1732896089,,False,342,b0b75_00017,2024-11-30_00-01-29,19.051543474197388,13099.121183633804,362486,CNWS,222.197.197.40,13099.121183633804,342
0.715,1732896107,,False,343,b0b75_00017,2024-11-30_00-01-47,17.996476411819458,13117.117660045624,362486,CNWS,222.197.197.40,13117.117660045624,343
0.7075,1732896125,,False,344,b0b75_00017,2024-11-30_00-02-05,17.776779890060425,13134.894439935684,362486,CNWS,222.197.197.40,13134.894439935684,344
0.71,1732896143,,False,345,b0b75_00017,2024-11-30_00-02-23,17.8466477394104,13152.741087675095,362486,CNWS,222.197.197.40,13152.741087675095,345
0.7125,1732896161,,False,346,b0b75_00017,2024-11-30_00-02-41,17.723418474197388,13170.464506149292,362486,CNWS,222.197.197.40,13170.464506149292,346
0.7125,1732896179,,False,347,b0b75_00017,2024-11-30_00-02-59,17.874314785003662,13188.338820934296,362486,CNWS,222.197.197.40,13188.338820934296,347
0.715,1732896201,,False,348,b0b75_00017,2024-11-30_00-03-21,22.861390352249146,13211.200211286545,362486,CNWS,222.197.197.40,13211.200211286545,348
0.715,1732896219,,False,349,b0b75_00017,2024-11-30_00-03-39,17.807260036468506,13229.007471323013,362486,CNWS,222.197.197.40,13229.007471323013,349
0.71,1732896247,,False,350,b0b75_00017,2024-11-30_00-04-07,28.065351724624634,13257.072823047638,362486,CNWS,222.197.197.40,13257.072823047638,350
0.715,1732896275,,False,351,b0b75_00017,2024-11-30_00-04-35,27.23244333267212,13284.30526638031,362486,CNWS,222.197.197.40,13284.30526638031,351
0.715,1732896294,,False,352,b0b75_00017,2024-11-30_00-04-54,19.402902126312256,13303.708168506622,362486,CNWS,222.197.197.40,13303.708168506622,352
0.7175,1732896312,,False,353,b0b75_00017,2024-11-30_00-05-12,17.857892990112305,13321.566061496735,362486,CNWS,222.197.197.40,13321.566061496735,353
0.7125,1732896330,,False,354,b0b75_00017,2024-11-30_00-05-30,17.993922472000122,13339.559983968735,362486,CNWS,222.197.197.40,13339.559983968735,354
0.7125,1732896349,,False,355,b0b75_00017,2024-11-30_00-05-49,19.022697925567627,13358.582681894302,362486,CNWS,222.197.197.40,13358.582681894302,355
0.71,1732896382,,False,356,b0b75_00017,2024-11-30_00-06-22,32.991456508636475,13391.574138402939,362486,CNWS,222.197.197.40,13391.574138402939,356
0.715,1732896400,,False,357,b0b75_00017,2024-11-30_00-06-40,17.958904027938843,13409.533042430878,362486,CNWS,222.197.197.40,13409.533042430878,357
0.7175,1732896418,,False,358,b0b75_00017,2024-11-30_00-06-58,18.075244903564453,13427.608287334442,362486,CNWS,222.197.197.40,13427.608287334442,358
0.7175,1732896436,,False,359,b0b75_00017,2024-11-30_00-07-16,17.91224431991577,13445.520531654358,362486,CNWS,222.197.197.40,13445.520531654358,359
0.7125,1732896485,,False,360,b0b75_00017,2024-11-30_00-08-05,49.64312553405762,13495.163657188416,362486,CNWS,222.197.197.40,13495.163657188416,360
0.7175,1732896503,,False,361,b0b75_00017,2024-11-30_00-08-23,17.780195474624634,13512.94385266304,362486,CNWS,222.197.197.40,13512.94385266304,361
0.7175,1732896531,,False,362,b0b75_00017,2024-11-30_00-08-51,27.673168897628784,13540.617021560669,362486,CNWS,222.197.197.40,13540.617021560669,362
0.71,1732896549,,False,363,b0b75_00017,2024-11-30_00-09-09,17.8486168384552,13558.465638399124,362486,CNWS,222.197.197.40,13558.465638399124,363
0.7125,1732896567,,False,364,b0b75_00017,2024-11-30_00-09-27,17.935547590255737,13576.40118598938,362486,CNWS,222.197.197.40,13576.40118598938,364
0.7125,1732896598,,False,365,b0b75_00017,2024-11-30_00-09-58,31.495378971099854,13607.89656496048,362486,CNWS,222.197.197.40,13607.89656496048,365
0.715,1732896628,,False,366,b0b75_00017,2024-11-30_00-10-28,30.06362295150757,13637.960187911987,362486,CNWS,222.197.197.40,13637.960187911987,366
0.715,1732896646,,False,367,b0b75_00017,2024-11-30_00-10-46,17.85512137413025,13655.815309286118,362486,CNWS,222.197.197.40,13655.815309286118,367
0.7125,1732896667,,False,368,b0b75_00017,2024-11-30_00-11-07,20.819812536239624,13676.635121822357,362486,CNWS,222.197.197.40,13676.635121822357,368
0.715,1732896690,,False,369,b0b75_00017,2024-11-30_00-11-30,22.986746549606323,13699.621868371964,362486,CNWS,222.197.197.40,13699.621868371964,369
0.7125,1732896718,,False,370,b0b75_00017,2024-11-30_00-11-58,28.023961544036865,13727.645829916,362486,CNWS,222.197.197.40,13727.645829916,370
0.7175,1732896737,,False,371,b0b75_00017,2024-11-30_00-12-17,18.65998077392578,13746.305810689926,362486,CNWS,222.197.197.40,13746.305810689926,371
0.7175,1732896761,,False,372,b0b75_00017,2024-11-30_00-12-41,24.360522508621216,13770.666333198547,362486,CNWS,222.197.197.40,13770.666333198547,372
0.72,1732896781,,False,373,b0b75_00017,2024-11-30_00-13-01,19.892119884490967,13790.558453083038,362486,CNWS,222.197.197.40,13790.558453083038,373
0.715,1732896806,,False,374,b0b75_00017,2024-11-30_00-13-26,24.875636100769043,13815.434089183807,362486,CNWS,222.197.197.40,13815.434089183807,374
0.7175,1732896826,,False,375,b0b75_00017,2024-11-30_00-13-46,20.20305109024048,13835.637140274048,362486,CNWS,222.197.197.40,13835.637140274048,375
0.7125,1732896844,,False,376,b0b75_00017,2024-11-30_00-14-04,17.7334406375885,13853.370580911636,362486,CNWS,222.197.197.40,13853.370580911636,376
0.71,1732896861,,False,377,b0b75_00017,2024-11-30_00-14-21,17.60890007019043,13870.979480981827,362486,CNWS,222.197.197.40,13870.979480981827,377
0.715,1732896886,,False,378,b0b75_00017,2024-11-30_00-14-46,24.642173051834106,13895.62165403366,362486,CNWS,222.197.197.40,13895.62165403366,378
0.7175,1732896905,,False,379,b0b75_00017,2024-11-30_00-15-05,19.244750499725342,13914.866404533386,362486,CNWS,222.197.197.40,13914.866404533386,379
0.7175,1732896923,,False,380,b0b75_00017,2024-11-30_00-15-23,17.558364391326904,13932.424768924713,362486,CNWS,222.197.197.40,13932.424768924713,380
0.715,1732896940,,False,381,b0b75_00017,2024-11-30_00-15-40,17.52147388458252,13949.946242809296,362486,CNWS,222.197.197.40,13949.946242809296,381
0.7175,1732896958,,False,382,b0b75_00017,2024-11-30_00-15-58,17.662666082382202,13967.608908891678,362486,CNWS,222.197.197.40,13967.608908891678,382
0.7175,1732896975,,False,383,b0b75_00017,2024-11-30_00-16-15,17.52255940437317,13985.131468296051,362486,CNWS,222.197.197.40,13985.131468296051,383
0.72,1732896993,,False,384,b0b75_00017,2024-11-30_00-16-33,17.554409980773926,14002.685878276825,362486,CNWS,222.197.197.40,14002.685878276825,384
0.7175,1732897011,,False,385,b0b75_00017,2024-11-30_00-16-51,17.70703411102295,14020.392912387848,362486,CNWS,222.197.197.40,14020.392912387848,385
0.72,1732897028,,False,386,b0b75_00017,2024-11-30_00-17-08,17.49560236930847,14037.888514757156,362486,CNWS,222.197.197.40,14037.888514757156,386
0.72,1732897046,,False,387,b0b75_00017,2024-11-30_00-17-26,17.515085697174072,14055.40360045433,362486,CNWS,222.197.197.40,14055.40360045433,387
0.7175,1732897063,,False,388,b0b75_00017,2024-11-30_00-17-43,17.647140979766846,14073.050741434097,362486,CNWS,222.197.197.40,14073.050741434097,388
0.7175,1732897081,,False,389,b0b75_00017,2024-11-30_00-18-01,17.52223229408264,14090.57297372818,362486,CNWS,222.197.197.40,14090.57297372818,389
0.7225,1732897098,,False,390,b0b75_00017,2024-11-30_00-18-18,17.545236587524414,14108.118210315704,362486,CNWS,222.197.197.40,14108.118210315704,390
0.7125,1732897116,,False,391,b0b75_00017,2024-11-30_00-18-36,17.632600784301758,14125.750811100006,362486,CNWS,222.197.197.40,14125.750811100006,391
0.72,1732897134,,False,392,b0b75_00017,2024-11-30_00-18-54,17.53109836578369,14143.28190946579,362486,CNWS,222.197.197.40,14143.28190946579,392
0.715,1732897151,,False,393,b0b75_00017,2024-11-30_00-19-11,17.5116286277771,14160.793538093567,362486,CNWS,222.197.197.40,14160.793538093567,393
0.7175,1732897169,,False,394,b0b75_00017,2024-11-30_00-19-29,17.519786596298218,14178.313324689865,362486,CNWS,222.197.197.40,14178.313324689865,394
0.7175,1732897186,,False,395,b0b75_00017,2024-11-30_00-19-46,17.634568214416504,14195.947892904282,362486,CNWS,222.197.197.40,14195.947892904282,395
0.7175,1732897204,,False,396,b0b75_00017,2024-11-30_00-20-04,17.48702335357666,14213.434916257858,362486,CNWS,222.197.197.40,14213.434916257858,396
0.715,1732897221,,False,397,b0b75_00017,2024-11-30_00-20-21,17.547319650650024,14230.982235908508,362486,CNWS,222.197.197.40,14230.982235908508,397
0.7175,1732897239,,False,398,b0b75_00017,2024-11-30_00-20-39,17.66017436981201,14248.64241027832,362486,CNWS,222.197.197.40,14248.64241027832,398
0.715,1732897256,,False,399,b0b75_00017,2024-11-30_00-20-56,17.458621740341187,14266.101032018661,362486,CNWS,222.197.197.40,14266.101032018661,399
0.7175,1732897274,,False,400,b0b75_00017,2024-11-30_00-21-14,17.530515432357788,14283.63154745102,362486,CNWS,222.197.197.40,14283.63154745102,400
